chi025= [   1.0000000e+00   9.8200000e-04
   2.0000000e+00   5.0600000e-02
   3.0000000e+00   2.1600000e-01
   4.0000000e+00   4.8400000e-01
   5.0000000e+00   8.3100000e-01
   6.0000000e+00   1.2400000e+00
   7.0000000e+00   1.6900000e+00
   8.0000000e+00   2.1800000e+00
   9.0000000e+00   2.7000000e+00
   1.0000000e+01   3.2500000e+00
   1.1000000e+01   3.8200000e+00
   1.2000000e+01   4.4000000e+00
   1.3000000e+01   5.0100000e+00
   1.4000000e+01   5.6300000e+00
   1.5000000e+01   6.2600000e+00
   1.6000000e+01   6.9100000e+00
   1.7000000e+01   7.5600000e+00
   1.8000000e+01   8.2300000e+00
   1.9000000e+01   8.9100000e+00
   2.0000000e+01   8.5900000e+00
   2.1000000e+01   1.0280000e+01
   2.2000000e+01   1.0980000e+01
   2.3000000e+01   1.1690000e+01
   2.4000000e+01   1.2400000e+01
   2.5000000e+01   1.3120000e+01
   2.6000000e+01   1.3840000e+01
   2.7000000e+01   1.4570000e+01
   2.8000000e+01   1.5310000e+01
   2.9000000e+01   1.6050000e+01
   3.0000000e+01   1.6790000e+01
   4.0000000e+01   2.4430000e+01
   5.0000000e+01   3.2360000e+01
   6.0000000e+01   4.0480000e+01
   7.0000000e+01   4.8760000e+01
   8.0000000e+01   5.7150000e+01
   9.0000000e+01   6.5650000e+01
   1.0000000e+02   7.4220000e+01
   1.1000000e+02   8.2874000e+01
   1.2000000e+02   9.1584000e+01
   1.3000000e+02   1.0033400e+02
   1.4000000e+02   1.0913000e+02
   1.5000000e+02   1.1797500e+02
   1.6000000e+02   1.2688000e+02
   1.7000000e+02   1.3577900e+02
   1.8000000e+02   1.4473800e+02
   1.9000000e+02   1.5371000e+02
   2.0000000e+02   1.6272000e+02
   2.1000000e+02   1.7175900e+02
   2.2000000e+02   1.8081800e+02
   2.3000000e+02   1.8988800e+02
   2.4000000e+02   1.9898400e+02
   2.6000000e+02   2.1723000e+02
   2.8000000e+02   2.3553600e+02
   3.0000000e+02   2.5389000e+02
   3.5000000e+02   3.0005500e+02
   4.0000000e+02   3.4648000e+02
   4.5000000e+02   3.9312000e+02
   5.0000000e+02   4.3995000e+02
   5.5000000e+02   4.8691500e+02
   6.0000000e+02   5.3400000e+02
   6.5000000e+02   5.8123000e+02
   7.0000000e+02   6.2860000e+02
   7.5000000e+02   6.7597500e+02
   8.0000000e+02   7.2352000e+02
   8.5000000e+02   7.7112000e+02
   9.0000000e+02   8.1873000e+02
   1.0000000e+03   9.1430000e+02];
