   chi975= [1.0000000e+00   5.0200000e+00
   2.0000000e+00   7.3800000e+00
   3.0000000e+00   9.3500000e+00
   4.0000000e+00   1.1140000e+01
   5.0000000e+00   1.2830000e+01
   6.0000000e+00   1.4450000e+01
   7.0000000e+00   1.6010000e+01
   8.0000000e+00   1.7530000e+01
   9.0000000e+00   1.9020000e+01
   1.0000000e+01   2.0480000e+01
   1.1000000e+01   2.1920000e+01
   1.2000000e+01   2.3340000e+01
   1.3000000e+01   2.4740000e+01
   1.4000000e+01   2.6120000e+01
   1.5000000e+01   2.7490000e+01
   1.6000000e+01   2.8850000e+01
   1.7000000e+01   3.0190000e+01
   1.8000000e+01   3.1530000e+01
   1.9000000e+01   3.2850000e+01
   2.0000000e+01   3.4170000e+01
   2.1000000e+01   3.5480000e+01
   2.2000000e+01   3.6780000e+01
   2.3000000e+01   3.8080000e+01
   2.4000000e+01   3.9360000e+01
   2.5000000e+01   4.0650000e+01
   2.6000000e+01   4.1920000e+01
   2.7000000e+01   4.3190000e+01
   2.8000000e+01   4.4460000e+01
   2.9000000e+01   4.5720000e+01
   3.0000000e+01   4.6980000e+01
   4.0000000e+01   5.9340000e+01
   5.0000000e+01   7.1420000e+01
   6.0000000e+01   8.3300000e+01
   7.0000000e+01   9.5020000e+01
   8.0000000e+01   1.0660000e+02
   9.0000000e+01   1.1810000e+02
   1.0000000e+02   1.2960000e+02
   1.1000000e+02   1.4092100e+02
   1.2000000e+02   1.5222000e+02
   1.3000000e+02   1.6346200e+02
   1.4000000e+02   1.7465000e+02
   1.5000000e+02   1.8580500e+02
   1.6000000e+02   1.9692800e+02
   1.7000000e+02   2.0799500e+02
   1.8000000e+02   2.1906000e+02
   1.9000000e+02   2.3007100e+02
   2.0000000e+02   2.4106000e+02
   2.1000000e+02   2.5202100e+02
   2.2000000e+02   2.6296600e+02
   2.3000000e+02   2.7388400e+02
   2.4000000e+02   2.8480800e+02
   2.6000000e+02   3.0656600e+02
   2.8000000e+02   3.2824400e+02
   3.0000000e+02   3.4989000e+02
   3.5000000e+02   4.0372500e+02
   4.0000000e+02   4.5732000e+02
   4.5000000e+02   5.1070500e+02
   5.0000000e+02   5.6385000e+02
   5.5000000e+02   6.1688000e+02
   6.0000000e+02   6.6978000e+02
   6.5000000e+02   7.2254000e+02
   7.0000000e+02   7.7518000e+02
   7.5000000e+02   8.2777500e+02
   8.0000000e+02   8.8032000e+02
   8.5000000e+02   9.3270500e+02
   9.0000000e+02   9.8505000e+02
   1.0000000e+03   1.0895000e+03];
