z=  [289 285 289 286 288 287 288 292 291 291...
292 296 297 301 304 304 303 307 299 296...
293 301 293 301 295 284 286 286 287 284...
282 278 281 278 277 279 278 270 268 272...
273 279 279 280 275 271 277 278 279 283]';
